336 7
0.550561797752809 0.154761904761905 0.000000000000000 0.000000000000000 0.636363636363636 0.216494845360825 0.353535353535354
0.078651685393258 0.285714285714286 0.000000000000000 0.000000000000000 0.613636363636364 0.329896907216495 0.444444444444444
0.629213483146068 0.285714285714286 0.000000000000000 0.000000000000000 0.556818181818182 0.350515463917526 0.464646464646465
0.662921348314607 0.392857142857143 0.000000000000000 0.000000000000000 0.590909090909091 0.432989690721650 0.363636363636364
0.258426966292135 0.190476190476190 0.000000000000000 0.000000000000000 0.625000000000000 0.226804123711340 0.353535353535354
0.752808988764045 0.273809523809524 0.000000000000000 0.000000000000000 0.409090909090909 0.360824742268041 0.464646464646465
0.325842696629213 0.142857142857143 0.000000000000000 0.000000000000000 0.500000000000000 0.206185567010309 0.343434343434343
0.235955056179775 0.214285714285714 0.000000000000000 0.000000000000000 0.579545454545455 0.257731958762887 0.393939393939394
0.224719101123596 0.333333333333333 0.000000000000000 0.000000000000000 0.522727272727273 0.494845360824742 0.575757575757576
0.471910112359551 0.285714285714286 0.000000000000000 0.000000000000000 0.636363636363636 0.154639175257732 0.303030303030303
0.471910112359551 0.095238095238095 0.000000000000000 0.000000000000000 0.647727272727273 0.247422680412371 0.373737373737374
0.280898876404494 0.380952380952381 0.000000000000000 0.000000000000000 0.500000000000000 0.144329896907217 0.292929292929293
0.438202247191011 0.190476190476190 0.000000000000000 0.000000000000000 0.522727272727273 0.216494845360825 0.353535353535354
0.573033707865168 0.404761904761905 0.000000000000000 0.000000000000000 0.522727272727273 0.298969072164949 0.353535353535354
0.247191011235955 0.321428571428571 0.000000000000000 0.000000000000000 0.545454545454545 0.134020618556701 0.282828282828283
0.280898876404494 0.285714285714286 0.000000000000000 0.000000000000000 0.522727272727273 0.422680412371134 0.525252525252525
0.382022471910112 0.345238095238095 0.000000000000000 0.000000000000000 0.431818181818182 0.216494845360825 0.353535353535354
0.494382022471910 0.130952380952381 0.000000000000000 0.000000000000000 0.625000000000000 0.505154639175258 0.585858585858586
0.258426966292135 0.285714285714286 0.000000000000000 0.000000000000000 0.443181818181818 0.257731958762887 0.383838383838384
0.460674157303371 0.488095238095238 0.000000000000000 0.000000000000000 0.443181818181818 0.185567010309278 0.323232323232323
0.449438202247191 0.345238095238095 0.000000000000000 0.000000000000000 0.431818181818182 0.195876288659794 0.000000000000000
0.348314606741573 0.083333333333333 0.000000000000000 0.000000000000000 0.829545454545454 0.020618556701031 0.141414141414141
0.573033707865168 0.452380952380952 0.000000000000000 0.000000000000000 0.465909090909091 0.319587628865979 0.434343434343434
0.337078651685393 0.000000000000000 0.000000000000000 0.000000000000000 0.636363636363636 0.082474226804124 0.232323232323232
0.404494382022472 0.273809523809524 0.000000000000000 0.000000000000000 0.545454545454545 0.195876288659794 0.232323232323232
0.325842696629213 0.250000000000000 0.000000000000000 0.000000000000000 0.545454545454545 0.422680412371134 0.525252525252525
0.280898876404494 0.285714285714286 0.000000000000000 0.000000000000000 0.534090909090909 0.309278350515464 0.424242424242424
0.235955056179775 0.416666666666667 0.000000000000000 0.000000000000000 0.568181818181818 0.298969072164949 0.414141414141414
0.483146067415730 0.250000000000000 0.000000000000000 0.000000000000000 0.602272727272727 0.329896907216495 0.444444444444444
0.483146067415730 0.273809523809524 0.000000000000000 0.000000000000000 0.534090909090909 0.288659793814433 0.414141414141414
0.595505617977528 0.261904761904762 0.000000000000000 0.000000000000000 0.500000000000000 0.237113402061856 0.363636363636364
0.382022471910112 0.202380952380952 0.000000000000000 0.000000000000000 0.431818181818182 0.329896907216495 0.444444444444444
0.629213483146068 0.416666666666667 0.000000000000000 0.000000000000000 0.386363636363636 0.350515463917526 0.464646464646465
0.449438202247191 0.154761904761905 0.000000000000000 0.000000000000000 0.477272727272727 0.329896907216495 0.444444444444444
0.269662921348315 0.226190476190476 0.000000000000000 0.000000000000000 0.352272727272727 0.164948453608247 0.313131313131313
0.404494382022472 0.452380952380952 0.000000000000000 0.000000000000000 0.465909090909091 0.360824742268041 0.464646464646465
0.325842696629213 0.428571428571429 0.000000000000000 0.000000000000000 0.477272727272727 0.268041237113402 0.393939393939394
0.730337078651685 0.369047619047619 0.000000000000000 0.000000000000000 0.670454545454545 0.278350515463918 0.404040404040404
0.359550561797753 0.309523809523810 0.000000000000000 0.000000000000000 0.397727272727273 0.257731958762887 0.383838383838384
0.426966292134831 0.357142857142857 0.000000000000000 0.000000000000000 0.545454545454545 0.195876288659794 0.292929292929293
0.370786516853933 0.345238095238095 0.000000000000000 0.000000000000000 0.590909090909091 0.298969072164949 0.414141414141414
0.337078651685393 0.250000000000000 0.000000000000000 0.000000000000000 0.670454545454545 0.391752577319588 0.494949494949495
0.449438202247191 0.404761904761905 0.000000000000000 0.000000000000000 0.511363636363636 0.371134020618557 0.474747474747475
0.314606741573034 0.261904761904762 0.000000000000000 0.000000000000000 0.568181818181818 0.309278350515464 0.424242424242424
0.685393258426966 0.345238095238095 0.000000000000000 0.000000000000000 0.545454545454545 0.329896907216495 0.414141414141414
0.191011235955056 0.261904761904762 0.000000000000000 0.000000000000000 0.511363636363636 0.402061855670103 0.505050505050505
0.494382022471910 0.226190476190476 0.000000000000000 0.000000000000000 0.625000000000000 0.536082474226804 0.616161616161616
0.483146067415730 0.285714285714286 0.000000000000000 0.000000000000000 0.443181818181818 0.257731958762887 0.393939393939394
0.471910112359551 0.226190476190476 0.000000000000000 0.000000000000000 0.659090909090909 0.123711340206186 0.272727272727273
0.258426966292135 0.202380952380952 0.000000000000000 0.000000000000000 0.488636363636364 0.309278350515464 0.434343434343434
0.415730337078652 0.428571428571429 0.000000000000000 0.000000000000000 0.477272727272727 0.402061855670103 0.363636363636364
0.325842696629213 0.166666666666667 0.000000000000000 0.000000000000000 0.511363636363636 0.000000000000000 0.171717171717172
0.247191011235955 0.238095238095238 0.000000000000000 0.000000000000000 0.397727272727273 0.371134020618557 0.474747474747475
0.258426966292135 0.500000000000000 0.000000000000000 0.000000000000000 0.420454545454545 0.515463917525773 0.595959595959596
0.528089887640449 0.369047619047619 0.000000000000000 0.000000000000000 0.250000000000000 0.134020618556701 0.262626262626263
0.606741573033708 0.369047619047619 0.000000000000000 0.000000000000000 0.318181818181818 0.309278350515464 0.424242424242424
0.573033707865168 0.250000000000000 0.000000000000000 0.000000000000000 0.397727272727273 0.340206185567010 0.454545454545455
0.449438202247191 0.226190476190476 0.000000000000000 0.000000000000000 0.511363636363636 0.309278350515464 0.424242424242424
0.494382022471910 0.214285714285714 0.000000000000000 0.000000000000000 0.340909090909091 0.309278350515464 0.434343434343434
0.471910112359551 0.261904761904762 0.000000000000000 0.000000000000000 0.613636363636364 0.319587628865979 0.434343434343434
0.494382022471910 0.476190476190476 0.000000000000000 0.000000000000000 0.568181818181818 0.443298969072165 0.545454545454546
0.584269662921348 0.238095238095238 0.000000000000000 0.000000000000000 0.465909090909091 0.257731958762887 0.383838383838384
0.404494382022472 0.297619047619048 0.000000000000000 0.000000000000000 0.545454545454545 0.453608247422680 0.545454545454546
0.202247191011236 0.166666666666667 0.000000000000000 0.000000000000000 0.522727272727273 0.216494845360825 0.353535353535354
0.528089887640449 0.154761904761905 0.000000000000000 0.000000000000000 0.579545454545455 0.309278350515464 0.434343434343434
0.269662921348315 0.321428571428571 0.000000000000000 0.000000000000000 0.613636363636364 0.505154639175258 0.595959595959596
0.280898876404494 0.250000000000000 0.000000000000000 0.000000000000000 0.465909090909091 0.309278350515464 0.424242424242424
0.584269662921348 0.488095238095238 0.000000000000000 0.000000000000000 0.477272727272727 0.453608247422680 0.545454545454546
0.280898876404494 0.250000000000000 0.000000000000000 0.000000000000000 0.488636363636364 0.237113402061856 0.363636363636364
0.393258426966292 0.380952380952381 0.000000000000000 0.000000000000000 0.636363636363636 0.381443298969072 0.484848484848485
0.292134831460674 0.119047619047619 0.000000000000000 0.000000000000000 0.386363636363636 0.226804123711340 0.353535353535354
0.494382022471910 0.416666666666667 0.000000000000000 0.000000000000000 0.534090909090909 0.237113402061856 0.363636363636364
0.415730337078652 0.404761904761905 0.000000000000000 0.000000000000000 0.477272727272727 0.340206185567010 0.454545454545455
0.494382022471910 0.309523809523810 0.000000000000000 0.000000000000000 0.477272727272727 0.226804123711340 0.202020202020202
0.269662921348315 0.321428571428571 0.000000000000000 0.000000000000000 0.420454545454545 0.257731958762887 0.383838383838384
0.471910112359551 0.166666666666667 0.000000000000000 0.000000000000000 0.545454545454545 0.237113402061856 0.363636363636364
0.539325842696629 0.309523809523810 0.000000000000000 0.000000000000000 0.511363636363636 0.226804123711340 0.353535353535354
0.460674157303371 0.380952380952381 0.000000000000000 0.000000000000000 0.579545454545455 0.422680412371134 0.515151515151515
0.494382022471910 0.142857142857143 0.000000000000000 0.000000000000000 0.488636363636364 0.247422680412371 0.373737373737374
0.325842696629213 0.297619047619048 0.000000000000000 0.000000000000000 0.545454545454545 0.360824742268041 0.464646464646465
0.382022471910112 0.142857142857143 0.000000000000000 0.000000000000000 0.465909090909091 0.329896907216495 0.444444444444444
0.460674157303371 0.321428571428571 0.000000000000000 0.000000000000000 0.511363636363636 0.288659793814433 0.414141414141414
0.325842696629213 0.369047619047619 0.000000000000000 0.000000000000000 0.465909090909091 0.206185567010309 0.343434343434343
0.382022471910112 0.464285714285714 0.000000000000000 0.000000000000000 0.659090909090909 0.288659793814433 0.414141414141414
0.404494382022472 0.476190476190476 0.000000000000000 0.000000000000000 0.488636363636364 0.432989690721650 0.535353535353535
0.449438202247191 0.357142857142857 0.000000000000000 0.000000000000000 0.590909090909091 0.474226804123711 0.565656565656566
0.561797752808989 0.392857142857143 0.000000000000000 0.000000000000000 0.556818181818182 0.443298969072165 0.535353535353535
0.584269662921348 0.333333333333333 0.000000000000000 0.000000000000000 0.420454545454545 0.340206185567010 0.424242424242424
0.561797752808989 0.416666666666667 0.000000000000000 0.000000000000000 0.306818181818182 0.206185567010309 0.343434343434343
0.595505617977528 0.309523809523810 0.000000000000000 0.000000000000000 0.181818181818182 0.268041237113402 0.393939393939394
0.382022471910112 0.357142857142857 0.000000000000000 0.000000000000000 0.590909090909091 0.329896907216495 0.444444444444444
0.449438202247191 0.309523809523810 0.000000000000000 0.000000000000000 0.420454545454545 0.247422680412371 0.272727272727273
0.460674157303371 0.321428571428571 0.000000000000000 0.000000000000000 0.568181818181818 0.216494845360825 0.252525252525253
0.337078651685393 0.345238095238095 0.000000000000000 0.000000000000000 0.409090909090909 0.185567010309278 0.323232323232323
0.348314606741573 0.369047619047619 0.000000000000000 0.000000000000000 0.329545454545455 0.257731958762887 0.393939393939394
0.719101123595506 0.714285714285714 0.000000000000000 0.000000000000000 0.511363636363636 0.329896907216495 0.383838383838384
0.393258426966292 0.250000000000000 0.000000000000000 0.000000000000000 0.340909090909091 0.319587628865979 0.434343434343434
0.640449438202247 0.452380952380952 0.000000000000000 0.000000000000000 0.420454545454545 0.257731958762887 0.333333333333333
0.730337078651685 0.464285714285714 0.000000000000000 0.000000000000000 0.386363636363636 0.350515463917526 0.282828282828283
0.573033707865168 0.357142857142857 0.000000000000000 0.000000000000000 0.659090909090909 0.288659793814433 0.414141414141414
0.426966292134831 0.285714285714286 0.000000000000000 0.000000000000000 0.715909090909091 0.226804123711340 0.353535353535354
0.269662921348315 0.488095238095238 0.000000000000000 0.000000000000000 0.715909090909091 0.319587628865979 0.434343434343434
0.426966292134831 0.119047619047619 0.000000000000000 0.000000000000000 0.613636363636364 0.134020618556701 0.282828282828283
0.370786516853933 0.369047619047619 0.000000000000000 0.000000000000000 0.602272727272727 0.154639175257732 0.292929292929293
0.269662921348315 0.214285714285714 0.000000000000000 0.000000000000000 0.431818181818182 0.278350515463918 0.404040404040404
0.292134831460674 0.404761904761905 0.000000000000000 0.000000000000000 0.500000000000000 0.298969072164949 0.414141414141414
0.494382022471910 0.392857142857143 0.000000000000000 0.000000000000000 0.443181818181818 0.360824742268041 0.404040404040404
0.483146067415730 0.190476190476190 0.000000000000000 0.000000000000000 0.375000000000000 0.432989690721650 0.525252525252525
0.550561797752809 0.321428571428571 0.000000000000000 0.000000000000000 0.556818181818182 0.278350515463918 0.404040404040404
0.528089887640449 0.142857142857143 0.000000000000000 0.000000000000000 0.636363636363636 0.175257731958763 0.252525252525253
0.359550561797753 0.202380952380952 0.000000000000000 0.000000000000000 0.681818181818182 0.030927835051546 0.202020202020202
0.382022471910112 0.226190476190476 0.000000000000000 0.000000000000000 0.579545454545455 0.474226804123711 0.565656565656566
0.393258426966292 0.214285714285714 0.000000000000000 0.000000000000000 0.522727272727273 0.278350515463918 0.272727272727273
0.426966292134831 0.166666666666667 0.000000000000000 0.000000000000000 0.488636363636364 0.268041237113402 0.393939393939394
0.426966292134831 0.333333333333333 0.000000000000000 0.000000000000000 0.488636363636364 0.175257731958763 0.313131313131313
0.460674157303371 0.416666666666667 0.000000000000000 0.000000000000000 0.659090909090909 0.175257731958763 0.313131313131313
0.382022471910112 0.309523809523810 0.000000000000000 0.000000000000000 0.465909090909091 0.319587628865979 0.434343434343434
0.573033707865168 0.392857142857143 0.000000000000000 0.000000000000000 0.602272727272727 0.113402061855670 0.262626262626263
0.280898876404494 0.416666666666667 0.000000000000000 0.000000000000000 0.420454545454545 0.402061855670103 0.505050505050505
0.325842696629213 0.142857142857143 0.000000000000000 0.000000000000000 0.568181818181818 0.402061855670103 0.505050505050505
0.280898876404494 0.119047619047619 0.000000000000000 0.000000000000000 0.443181818181818 0.298969072164949 0.424242424242424
0.269662921348315 0.297619047619048 0.000000000000000 0.000000000000000 0.556818181818182 0.206185567010309 0.343434343434343
0.191011235955056 0.273809523809524 0.000000000000000 0.000000000000000 0.602272727272727 0.278350515463918 0.393939393939394
0.044943820224719 0.178571428571429 0.000000000000000 0.000000000000000 0.465909090909091 0.268041237113402 0.393939393939394
0.685393258426966 0.238095238095238 0.000000000000000 0.000000000000000 0.556818181818182 0.329896907216495 0.444444444444444
0.382022471910112 0.416666666666667 0.000000000000000 0.000000000000000 0.500000000000000 0.350515463917526 0.464646464646465
0.314606741573034 0.202380952380952 0.000000000000000 0.000000000000000 0.511363636363636 0.195876288659794 0.333333333333333
0.449438202247191 0.357142857142857 0.000000000000000 0.000000000000000 0.477272727272727 0.329896907216495 0.444444444444444
0.258426966292135 0.214285714285714 0.000000000000000 0.000000000000000 0.488636363636364 0.237113402061856 0.373737373737374
0.415730337078652 0.333333333333333 0.000000000000000 0.000000000000000 0.477272727272727 0.371134020618557 0.474747474747475
0.000000000000000 0.261904761904762 0.000000000000000 0.000000000000000 0.477272727272727 0.463917525773196 0.555555555555556
0.438202247191011 0.178571428571429 0.000000000000000 0.000000000000000 0.431818181818182 0.319587628865979 0.434343434343434
0.337078651685393 0.333333333333333 0.000000000000000 0.000000000000000 0.556818181818182 0.195876288659794 0.333333333333333
0.303370786516854 0.166666666666667 0.000000000000000 0.000000000000000 0.806818181818182 0.257731958762887 0.393939393939394
0.191011235955056 0.428571428571429 0.000000000000000 0.000000000000000 0.556818181818182 0.350515463917526 0.464646464646465
0.404494382022472 0.309523809523810 0.000000000000000 0.000000000000000 0.602272727272727 0.298969072164949 0.414141414141414
0.337078651685393 0.250000000000000 0.000000000000000 0.000000000000000 0.488636363636364 0.154639175257732 0.303030303030303
0.292134831460674 0.285714285714286 0.000000000000000 0.000000000000000 0.409090909090909 0.237113402061856 0.373737373737374
0.449438202247191 0.297619047619048 0.000000000000000 0.000000000000000 0.625000000000000 0.195876288659794 0.333333333333333
0.247191011235955 0.214285714285714 0.000000000000000 0.000000000000000 0.477272727272727 0.268041237113402 0.393939393939394
0.494382022471910 0.226190476190476 0.000000000000000 0.000000000000000 0.500000000000000 0.505154639175258 0.595959595959596
0.303370786516854 0.309523809523810 0.000000000000000 0.000000000000000 0.420454545454545 0.360824742268041 0.434343434343434
0.179775280898876 0.321428571428571 0.000000000000000 0.000000000000000 0.613636363636364 0.247422680412371 0.373737373737374
0.067415730337079 0.535714285714286 0.000000000000000 0.000000000000000 0.556818181818182 0.917525773195876 0.373737373737374
0.494382022471910 0.428571428571429 0.000000000000000 0.000000000000000 0.488636363636364 0.453608247422680 0.545454545454546
0.707865168539326 0.369047619047619 0.000000000000000 0.000000000000000 0.579545454545455 0.814432989690722 0.848484848484849
0.258426966292135 0.380952380952381 0.000000000000000 0.000000000000000 0.670454545454545 0.876288659793814 0.898989898989899
0.382022471910112 0.392857142857143 0.000000000000000 0.000000000000000 0.659090909090909 0.845360824742268 0.808080808080808
0.483146067415730 0.285714285714286 0.000000000000000 0.000000000000000 0.659090909090909 0.742268041237113 0.787878787878788
0.516853932584270 0.535714285714286 0.000000000000000 0.000000000000000 0.545454545454545 0.855670103092783 0.878787878787879
0.303370786516854 0.226190476190476 0.000000000000000 0.000000000000000 0.579545454545455 0.762886597938144 0.797979797979798
0.584269662921348 0.273809523809524 0.000000000000000 0.000000000000000 0.738636363636364 0.701030927835051 0.737373737373737
0.325842696629213 0.369047619047619 0.000000000000000 0.000000000000000 0.806818181818182 0.639175257731959 0.696969696969697
0.617977528089888 0.369047619047619 0.000000000000000 0.000000000000000 0.647727272727273 0.773195876288660 0.808080808080808
0.134831460674157 0.607142857142857 0.000000000000000 0.000000000000000 0.840909090909091 0.567010309278350 0.636363636363636
0.449438202247191 0.404761904761905 0.000000000000000 0.000000000000000 0.738636363636364 0.814432989690722 0.848484848484849
0.820224719101124 0.238095238095238 0.000000000000000 0.000000000000000 0.602272727272727 0.907216494845361 0.929292929292929
0.943820224719101 0.333333333333333 0.000000000000000 0.000000000000000 0.545454545454545 0.701030927835051 0.747474747474748
0.539325842696629 0.345238095238095 0.000000000000000 0.000000000000000 0.681818181818182 0.773195876288660 0.808080808080808
0.606741573033708 0.392857142857143 0.000000000000000 0.000000000000000 0.454545454545455 0.865979381443299 0.888888888888889
0.539325842696629 0.297619047619048 0.000000000000000 0.000000000000000 0.579545454545455 0.896907216494845 0.888888888888889
0.561797752808989 0.595238095238095 0.000000000000000 0.000000000000000 0.352272727272727 0.917525773195876 0.929292929292929
0.808988764044944 0.357142857142857 0.000000000000000 0.000000000000000 0.579545454545455 0.649484536082474 0.707070707070707
0.528089887640449 0.464285714285714 0.000000000000000 0.000000000000000 0.659090909090909 0.701030927835051 0.757575757575758
0.370786516853933 0.476190476190476 0.000000000000000 0.000000000000000 0.375000000000000 0.773195876288660 0.808080808080808
0.719101123595506 0.500000000000000 0.000000000000000 0.000000000000000 0.545454545454545 0.773195876288660 0.737373737373737
0.606741573033708 0.488095238095238 0.000000000000000 0.000000000000000 0.636363636363636 0.804123711340206 0.838383838383838
0.528089887640449 0.511904761904762 0.000000000000000 0.000000000000000 0.590909090909091 0.752577319587629 0.797979797979798
0.707865168539326 0.404761904761905 0.000000000000000 0.000000000000000 0.670454545454545 0.845360824742268 0.868686868686869
0.550561797752809 0.309523809523810 0.000000000000000 0.000000000000000 0.602272727272727 0.783505154639175 0.818181818181818
0.348314606741573 0.404761904761905 0.000000000000000 0.000000000000000 0.647727272727273 0.835051546391752 0.858585858585859
0.831460674157303 0.333333333333333 0.000000000000000 0.000000000000000 0.625000000000000 0.876288659793814 0.898989898989899
0.370786516853933 0.345238095238095 0.000000000000000 0.000000000000000 0.511363636363636 0.876288659793814 0.898989898989899
0.505617977528090 0.285714285714286 0.000000000000000 0.000000000000000 0.693181818181818 0.731958762886598 0.777777777777778
0.797752808988764 0.285714285714286 0.000000000000000 0.000000000000000 0.806818181818182 0.690721649484536 0.747474747474748
0.561797752808989 0.250000000000000 0.000000000000000 0.000000000000000 0.750000000000000 0.628865979381443 0.696969696969697
0.741573033707865 0.440476190476190 0.000000000000000 0.000000000000000 0.670454545454545 0.649484536082474 0.666666666666667
0.674157303370786 0.535714285714286 0.000000000000000 0.000000000000000 0.613636363636364 0.659793814432990 0.717171717171717
0.932584269662921 0.250000000000000 0.000000000000000 0.000000000000000 0.693181818181818 0.701030927835051 0.747474747474748
0.382022471910112 0.416666666666667 0.000000000000000 0.000000000000000 0.761363636363636 0.896907216494845 0.909090909090909
0.707865168539326 0.452380952380952 0.000000000000000 0.000000000000000 0.738636363636364 0.783505154639175 0.818181818181818
0.786516853932584 0.285714285714286 0.000000000000000 0.000000000000000 0.636363636363636 0.855670103092783 0.838383838383838
0.674157303370786 0.404761904761905 1.000000000000000 0.000000000000000 0.613636363636364 0.762886597938144 0.808080808080808
0.179775280898876 0.416666666666667 0.000000000000000 0.000000000000000 0.375000000000000 0.371134020618557 0.484848484848485
0.831460674157303 0.642857142857143 0.000000000000000 0.000000000000000 0.750000000000000 0.639175257731959 0.696969696969697
0.224719101123596 0.357142857142857 0.000000000000000 0.000000000000000 0.647727272727273 0.773195876288660 0.818181818181818
1.000000000000000 0.464285714285714 0.000000000000000 0.000000000000000 0.579545454545455 0.711340206185567 0.767676767676768
0.786516853932584 0.357142857142857 0.000000000000000 0.000000000000000 0.636363636363636 0.773195876288660 0.737373737373737
0.134831460674157 0.321428571428571 0.000000000000000 0.000000000000000 0.715909090909091 0.690721649484536 0.747474747474748
0.685393258426966 0.428571428571429 0.000000000000000 0.000000000000000 0.613636363636364 0.659793814432990 0.525252525252525
0.370786516853933 0.250000000000000 0.000000000000000 0.000000000000000 0.522727272727273 0.639175257731959 0.696969696969697
0.707865168539326 0.583333333333333 0.000000000000000 0.000000000000000 0.750000000000000 0.659793814432990 0.717171717171717
0.460674157303371 0.416666666666667 0.000000000000000 0.000000000000000 0.602272727272727 0.742268041237113 0.787878787878788
0.382022471910112 0.607142857142857 0.000000000000000 0.000000000000000 0.590909090909091 0.752577319587629 0.797979797979798
0.651685393258427 0.214285714285714 0.000000000000000 0.000000000000000 0.636363636363636 0.865979381443299 0.818181818181818
0.662921348314607 0.476190476190476 0.000000000000000 0.000000000000000 0.625000000000000 0.793814432989691 0.828282828282828
0.573033707865168 0.285714285714286 0.000000000000000 0.000000000000000 0.647727272727273 0.608247422680412 0.676767676767677
0.561797752808989 0.488095238095238 0.000000000000000 0.000000000000000 0.806818181818182 0.597938144329897 0.666666666666667
0.674157303370786 0.357142857142857 0.000000000000000 0.000000000000000 0.511363636363636 0.804123711340206 0.838383838383838
0.415730337078652 0.369047619047619 0.000000000000000 0.000000000000000 0.443181818181818 0.752577319587629 0.797979797979798
0.651685393258427 0.464285714285714 0.000000000000000 0.000000000000000 0.647727272727273 0.690721649484536 0.747474747474748
0.404494382022472 0.369047619047619 0.000000000000000 0.000000000000000 0.579545454545455 0.680412371134021 0.727272727272727
0.438202247191011 0.297619047619048 0.000000000000000 0.000000000000000 0.590909090909091 0.711340206185567 0.757575757575758
0.393258426966292 0.416666666666667 0.000000000000000 0.000000000000000 0.693181818181818 0.701030927835051 0.747474747474748
0.348314606741573 0.333333333333333 0.000000000000000 0.000000000000000 0.568181818181818 0.783505154639175 0.828282828282828
0.685393258426966 0.595238095238095 0.000000000000000 0.000000000000000 0.522727272727273 0.865979381443299 0.888888888888889
0.539325842696629 0.392857142857143 0.000000000000000 0.000000000000000 0.590909090909091 0.762886597938144 0.717171717171717
0.123595505617978 0.404761904761905 0.000000000000000 0.000000000000000 0.659090909090909 0.711340206185567 0.686868686868687
0.348314606741573 0.238095238095238 0.000000000000000 0.000000000000000 0.659090909090909 0.938144329896907 0.949494949494950
0.764044943820225 0.416666666666667 0.000000000000000 0.000000000000000 0.806818181818182 0.742268041237113 0.787878787878788
0.775280898876404 0.273809523809524 0.000000000000000 0.000000000000000 0.647727272727273 0.752577319587629 0.797979797979798
0.584269662921348 0.452380952380952 0.000000000000000 0.000000000000000 0.704545454545455 0.752577319587629 0.797979797979798
0.516853932584270 0.511904761904762 0.000000000000000 0.000000000000000 0.409090909090909 0.752577319587629 0.232323232323232
0.404494382022472 0.345238095238095 0.000000000000000 0.000000000000000 0.431818181818182 0.783505154639175 0.171717171717172
0.000000000000000 0.416666666666667 0.000000000000000 0.000000000000000 0.397727272727273 0.659793814432990 0.444444444444444
0.112359550561798 0.392857142857143 0.000000000000000 0.000000000000000 0.465909090909091 0.659793814432990 0.212121212121212
0.337078651685393 0.416666666666667 0.000000000000000 0.000000000000000 0.477272727272727 0.597938144329897 0.343434343434343
0.685393258426966 0.369047619047619 0.000000000000000 0.000000000000000 0.000000000000000 0.793814432989691 0.323232323232323
0.707865168539326 0.702380952380952 0.000000000000000 0.000000000000000 0.727272727272727 0.721649484536082 0.666666666666667
0.797752808988764 0.428571428571429 0.000000000000000 0.000000000000000 0.727272727272727 1.000000000000000 1.000000000000000
0.955056179775281 0.440476190476190 0.000000000000000 0.000000000000000 0.602272727272727 0.505154639175258 0.353535353535354
0.707865168539326 0.392857142857143 0.000000000000000 0.000000000000000 0.613636363636364 0.752577319587629 0.797979797979798
0.842696629213483 0.464285714285714 1.000000000000000 1.000000000000000 0.454545454545455 0.453608247422680 0.303030303030303
0.786516853932584 0.273809523809524 1.000000000000000 0.000000000000000 0.579545454545455 0.814432989690722 0.848484848484849
0.808988764044944 0.309523809523810 0.000000000000000 0.000000000000000 0.738636363636364 0.762886597938144 0.797979797979798
0.887640449438202 0.297619047619048 0.000000000000000 0.000000000000000 0.750000000000000 0.804123711340206 0.838383838383838
0.932584269662921 0.380952380952381 0.000000000000000 0.000000000000000 0.738636363636364 0.752577319587629 0.797979797979798
0.775280898876404 0.321428571428571 0.000000000000000 0.000000000000000 0.670454545454545 0.731958762886598 0.777777777777778
0.887640449438202 0.238095238095238 0.000000000000000 0.000000000000000 0.522727272727273 0.814432989690722 0.707070707070707
0.876404494382023 0.202380952380952 0.000000000000000 0.000000000000000 0.647727272727273 0.762886597938144 0.797979797979798
0.842696629213483 0.250000000000000 0.000000000000000 0.000000000000000 0.727272727272727 0.690721649484536 0.747474747474748
0.662921348314607 0.154761904761905 0.000000000000000 0.000000000000000 0.727272727272727 0.742268041237113 0.777777777777778
0.752808988764045 0.250000000000000 0.000000000000000 0.000000000000000 0.613636363636364 0.628865979381443 0.686868686868687
0.741573033707865 0.380952380952381 0.000000000000000 0.000000000000000 0.613636363636364 0.690721649484536 0.747474747474748
0.719101123595506 0.357142857142857 0.000000000000000 0.000000000000000 0.545454545454545 0.721649484536082 0.767676767676768
0.853932584269663 0.654761904761905 0.000000000000000 0.000000000000000 0.568181818181818 0.701030927835051 0.757575757575758
0.943820224719101 0.392857142857143 0.000000000000000 0.000000000000000 0.625000000000000 0.773195876288660 0.747474747474748
0.865168539325843 0.464285714285714 0.000000000000000 0.000000000000000 0.579545454545455 0.773195876288660 0.747474747474748
0.910112359550562 0.333333333333333 0.000000000000000 0.000000000000000 0.477272727272727 0.659793814432990 0.686868686868687
0.651685393258427 0.523809523809524 0.000000000000000 0.000000000000000 0.670454545454545 0.721649484536082 0.767676767676768
0.707865168539326 0.309523809523810 0.000000000000000 0.000000000000000 0.545454545454545 0.762886597938144 0.808080808080808
0.696629213483146 0.309523809523810 0.000000000000000 0.000000000000000 0.659090909090909 0.783505154639175 0.818181818181818
0.966292134831461 0.273809523809524 0.000000000000000 0.000000000000000 0.670454545454545 0.886597938144330 0.909090909090909
0.910112359550562 0.440476190476190 0.000000000000000 0.000000000000000 0.647727272727273 0.865979381443299 0.888888888888889
0.977528089887640 0.392857142857143 0.000000000000000 0.000000000000000 0.693181818181818 0.752577319587629 0.797979797979798
0.528089887640449 0.357142857142857 0.000000000000000 0.000000000000000 0.704545454545455 0.731958762886598 0.777777777777778
0.853932584269663 0.297619047619048 0.000000000000000 0.000000000000000 0.568181818181818 0.577319587628866 0.626262626262626
0.786516853932584 0.440476190476190 0.000000000000000 0.000000000000000 0.795454545454545 0.855670103092783 0.878787878787879
0.719101123595506 0.345238095238095 0.000000000000000 0.000000000000000 0.761363636363636 0.597938144329897 0.666666666666667
0.910112359550562 0.428571428571429 0.000000000000000 0.000000000000000 0.647727272727273 0.773195876288660 0.808080808080808
0.820224719101124 0.119047619047619 0.000000000000000 0.000000000000000 0.647727272727273 0.742268041237113 0.787878787878788
0.550561797752809 0.535714285714286 1.000000000000000 0.000000000000000 0.636363636363636 0.701030927835051 0.747474747474748
0.988764044943820 0.309523809523810 0.000000000000000 0.000000000000000 0.590909090909091 0.721649484536082 0.757575757575758
0.943820224719101 0.452380952380952 0.000000000000000 0.000000000000000 0.852272727272727 0.917525773195876 0.707070707070707
0.707865168539326 0.416666666666667 0.000000000000000 0.000000000000000 0.727272727272727 0.711340206185567 0.767676767676768
0.966292134831461 0.464285714285714 0.000000000000000 0.000000000000000 0.715909090909091 0.804123711340206 0.838383838383838
0.887640449438202 0.452380952380952 0.000000000000000 0.000000000000000 0.568181818181818 0.649484536082474 0.686868686868687
0.640449438202247 0.261904761904762 0.000000000000000 0.000000000000000 0.068181818181818 0.474226804123711 0.333333333333333
0.876404494382023 0.333333333333333 0.000000000000000 0.000000000000000 0.511363636363636 0.721649484536082 0.686868686868687
0.876404494382023 0.619047619047619 0.000000000000000 0.000000000000000 0.943181818181818 0.381443298969072 0.292929292929293
0.707865168539326 0.630952380952381 0.000000000000000 0.000000000000000 0.738636363636364 0.391752577319588 0.282828282828283
0.752808988764045 0.857142857142857 0.000000000000000 0.000000000000000 0.829545454545454 0.484536082474227 0.252525252525253
0.685393258426966 0.702380952380952 0.000000000000000 0.000000000000000 0.579545454545455 0.309278350515464 0.333333333333333
0.752808988764045 0.809523809523810 0.000000000000000 0.000000000000000 0.840909090909091 0.525773195876289 0.373737373737374
0.831460674157303 0.880952380952381 0.000000000000000 0.000000000000000 0.647727272727273 0.515463917525773 0.292929292929293
0.820224719101124 0.809523809523810 0.000000000000000 0.000000000000000 0.977272727272727 0.567010309278350 0.292929292929293
0.842696629213483 0.714285714285714 0.000000000000000 0.000000000000000 0.943181818181818 0.556701030927835 0.303030303030303
0.865168539325843 0.488095238095238 0.000000000000000 0.000000000000000 1.000000000000000 0.515463917525773 0.202020202020202
0.831460674157303 0.738095238095238 0.000000000000000 0.000000000000000 0.852272727272727 0.525773195876289 0.151515151515152
0.764044943820225 0.714285714285714 0.000000000000000 0.000000000000000 0.954545454545454 0.432989690721650 0.272727272727273
0.629213483146068 0.619047619047619 0.000000000000000 0.000000000000000 0.875000000000000 0.340206185567010 0.454545454545455
0.730337078651685 0.416666666666667 0.000000000000000 0.000000000000000 0.750000000000000 0.525773195876289 0.333333333333333
0.584269662921348 0.773809523809524 0.000000000000000 0.000000000000000 0.818181818181818 0.360824742268041 0.383838383838384
0.719101123595506 0.488095238095238 0.000000000000000 0.000000000000000 0.795454545454545 0.309278350515464 0.262626262626263
0.674157303370786 0.714285714285714 1.000000000000000 0.000000000000000 0.875000000000000 0.577319587628866 0.525252525252525
0.775280898876404 0.511904761904762 0.000000000000000 0.000000000000000 0.875000000000000 0.371134020618557 0.212121212121212
0.707865168539326 0.392857142857143 0.000000000000000 0.000000000000000 0.897727272727273 0.432989690721650 0.282828282828283
0.797752808988764 0.654761904761905 0.000000000000000 0.000000000000000 0.772727272727273 0.412371134020619 0.363636363636364
0.764044943820225 0.559523809523810 0.000000000000000 0.000000000000000 0.829545454545454 0.381443298969072 0.303030303030303
0.865168539325843 0.488095238095238 1.000000000000000 0.000000000000000 0.420454545454545 0.525773195876289 0.010101010101010
0.741573033707865 0.392857142857143 1.000000000000000 0.000000000000000 0.613636363636364 0.546391752577320 0.363636363636364
0.797752808988764 0.357142857142857 1.000000000000000 0.000000000000000 0.590909090909091 0.577319587628866 0.303030303030303
0.752808988764045 0.464285714285714 1.000000000000000 0.000000000000000 0.750000000000000 0.567010309278350 0.161616161616162
0.764044943820225 0.392857142857143 1.000000000000000 0.000000000000000 0.704545454545455 0.536082474226804 0.282828282828283
0.831460674157303 0.392857142857143 0.000000000000000 0.000000000000000 0.477272727272727 0.525773195876289 0.363636363636364
0.786516853932584 0.535714285714286 0.000000000000000 0.000000000000000 0.636363636363636 0.505154639175258 0.434343434343434
0.741573033707865 0.833333333333333 0.000000000000000 0.000000000000000 0.386363636363636 0.391752577319588 0.363636363636364
0.820224719101124 0.738095238095238 0.000000000000000 0.000000000000000 0.659090909090909 0.494845360824742 0.313131313131313
0.730337078651685 0.488095238095238 0.000000000000000 0.000000000000000 0.534090909090909 0.453608247422680 0.515151515151515
0.808988764044944 0.833333333333333 0.000000000000000 0.000000000000000 0.193181818181818 0.536082474226804 0.212121212121212
0.752808988764045 0.642857142857143 0.000000000000000 0.000000000000000 0.522727272727273 0.432989690721650 0.333333333333333
0.752808988764045 0.773809523809524 0.000000000000000 0.000000000000000 0.613636363636364 0.474226804123711 0.232323232323232
0.752808988764045 0.535714285714286 0.000000000000000 0.000000000000000 0.579545454545455 0.350515463917526 0.383838383838384
0.707865168539326 1.000000000000000 0.000000000000000 0.000000000000000 0.397727272727273 0.494845360824742 0.494949494949495
0.640449438202247 0.511904761904762 0.000000000000000 0.000000000000000 0.443181818181818 0.453608247422680 0.333333333333333
0.797752808988764 0.654761904761905 0.000000000000000 0.000000000000000 0.454545454545455 0.525773195876289 0.393939393939394
0.741573033707865 0.690476190476190 0.000000000000000 0.000000000000000 0.352272727272727 0.360824742268041 0.434343434343434
0.752808988764045 0.773809523809524 0.000000000000000 0.000000000000000 0.284090909090909 0.402061855670103 0.252525252525253
0.719101123595506 0.666666666666667 0.000000000000000 0.000000000000000 0.556818181818182 0.402061855670103 0.191919191919192
0.764044943820225 0.785714285714286 0.000000000000000 0.000000000000000 0.431818181818182 0.639175257731959 0.565656565656566
0.359550561797753 0.273809523809524 0.000000000000000 0.000000000000000 0.602272727272727 0.257731958762887 0.383838383838384
0.786516853932584 0.571428571428571 0.000000000000000 0.000000000000000 0.534090909090909 0.494845360824742 0.474747474747475
0.707865168539326 0.488095238095238 0.000000000000000 0.000000000000000 0.556818181818182 0.690721649484536 0.202020202020202
0.831460674157303 0.785714285714286 0.000000000000000 0.000000000000000 0.556818181818182 0.474226804123711 0.414141414141414
0.707865168539326 0.833333333333333 0.000000000000000 0.000000000000000 0.443181818181818 0.453608247422680 0.343434343434343
0.707865168539326 0.797619047619048 0.000000000000000 0.000000000000000 0.454545454545455 0.371134020618557 0.191919191919192
0.707865168539326 0.654761904761905 0.000000000000000 0.000000000000000 0.681818181818182 0.381443298969072 0.393939393939394
0.797752808988764 0.833333333333333 0.000000000000000 0.000000000000000 0.454545454545455 0.525773195876289 0.323232323232323
0.764044943820225 0.738095238095238 0.000000000000000 0.000000000000000 0.488636363636364 0.422680412371134 0.424242424242424
0.719101123595506 0.809523809523810 0.000000000000000 0.000000000000000 0.420454545454545 0.432989690721650 0.404040404040404
0.831460674157303 0.369047619047619 0.000000000000000 0.000000000000000 0.568181818181818 0.556701030927835 0.424242424242424
0.842696629213483 0.809523809523810 0.000000000000000 0.000000000000000 0.397727272727273 0.505154639175258 0.333333333333333
0.707865168539326 0.583333333333333 0.000000000000000 0.000000000000000 0.443181818181818 0.422680412371134 0.353535353535354
0.775280898876404 0.607142857142857 0.000000000000000 0.000000000000000 0.340909090909091 0.371134020618557 0.242424242424242
0.786516853932584 0.654761904761905 0.000000000000000 0.000000000000000 0.477272727272727 0.835051546391752 0.858585858585859
0.775280898876404 0.761904761904762 0.000000000000000 0.000000000000000 0.522727272727273 0.556701030927835 0.262626262626263
0.719101123595506 0.595238095238095 0.000000000000000 0.000000000000000 0.465909090909091 0.371134020618557 0.202020202020202
0.707865168539326 0.761904761904762 0.000000000000000 0.000000000000000 0.522727272727273 0.288659793814433 0.292929292929293
0.741573033707865 0.654761904761905 0.000000000000000 0.000000000000000 0.465909090909091 0.484536082474227 0.353535353535354
0.775280898876404 0.511904761904762 0.000000000000000 0.000000000000000 0.522727272727273 0.422680412371134 0.525252525252525
0.764044943820225 0.607142857142857 0.000000000000000 0.000000000000000 0.556818181818182 0.381443298969072 0.343434343434343
0.719101123595506 0.738095238095238 0.000000000000000 0.000000000000000 0.568181818181818 0.340206185567010 0.383838383838384
0.696629213483146 0.738095238095238 0.000000000000000 0.000000000000000 0.534090909090909 0.474226804123711 0.545454545454546
0.853932584269663 0.678571428571428 0.000000000000000 0.000000000000000 0.500000000000000 0.371134020618557 0.393939393939394
0.719101123595506 0.773809523809524 0.000000000000000 0.000000000000000 0.420454545454545 0.371134020618557 0.444444444444444
0.325842696629213 0.273809523809524 0.000000000000000 0.000000000000000 0.590909090909091 0.381443298969072 0.484848484848485
0.696629213483146 0.797619047619048 0.000000000000000 0.000000000000000 0.522727272727273 0.340206185567010 0.404040404040404
0.629213483146068 0.452380952380952 0.000000000000000 0.000000000000000 0.488636363636364 0.350515463917526 0.303030303030303
0.775280898876404 0.595238095238095 0.000000000000000 0.000000000000000 0.465909090909091 0.484536082474227 0.252525252525253
0.775280898876404 0.583333333333333 0.000000000000000 0.000000000000000 0.715909090909091 0.463917525773196 0.414141414141414
0.483146067415730 0.511904761904762 0.000000000000000 0.000000000000000 0.590909090909091 0.474226804123711 0.565656565656566
0.831460674157303 0.476190476190476 0.000000000000000 0.000000000000000 0.534090909090909 0.670103092783505 0.303030303030303
0.797752808988764 0.488095238095238 0.000000000000000 0.000000000000000 0.545454545454545 0.329896907216495 0.323232323232323
0.685393258426966 0.523809523809524 0.000000000000000 0.000000000000000 0.500000000000000 0.371134020618557 0.383838383838384
0.662921348314607 0.535714285714286 0.000000000000000 0.000000000000000 0.477272727272727 0.402061855670103 0.373737373737374
0.831460674157303 0.690476190476190 0.000000000000000 0.000000000000000 0.352272727272727 0.515463917525773 0.525252525252525
